27143189039471313419
71675788583266439157
13356163679493827235
66896782490998675791
52920272535532170442
94733080485283146214
71139580832097581358
72447351915266035749
56909342882330056600
509202698401831557
32431626515776434518
99096057465241216232
23315570928411832233
69934714534379634913
76487558227023585000
56647372966746387238
78613462814383438737
35437827071121629906
94309883170895140933
50303175029681346993
74200510104811252553
44891994782556611208
94535318793941339962
62097542562799896516
1100067779372236729
81304646739539248099
69049729966854847121
92405006093704983034
65240095651322138380
62061902951161159888
58700327025932769564
53291552892296383414
55359355324463340549
13774812793398989114
98493906150197076383
35146633026994528906
96664125705025735468
40467918334079004291
38353369376067561966
78657130050484316858
46133333624305493871
38620562968749238598
85783908189358270256
47626826110014127191
43251899656584881996
76740252841088998386
51870496233396806014
77181461411001846157
43529249687108485206
76538885252454273490
34657304330198106720
37676383872851244277
67100559940432082591
46340407249139727891
12140169728555776069
19920318039350019095
89457231519880946338
55808321858636499272
70572754513543652585
33869270543592296144
13052562872362379988
11174858298387954930
45575353325607900242
65090892119465221864
49492160554197379478
14242096121142982990
41420357945085390405
40960209160238115115
39158462787929904651
9291263456299656689
19998165879630026185
67596506060514712851
60713945480722114983
62556196614811220330
84504768073573932111
72321178425402498965
98460387995557018265
49634453244270525567
39073563794187372032
96627835929823227101
63387488548191190925
61172470009950813283
7470173330591126957
76674759817653832322
778482352644092867
